21 25 29 31 32 34 35 37
6 10 13 16 18 17
14 16 20 21 24 28 32 34
10 12 13 14 15
37 33 32 30 29 28 24
3 2 1 1 1 1 1
51 50 48 46 45
50 52 46 42 41 39
43 40 33 37 35
8 7 5 4 1
33 37 39 40 43
32 28 24 20 18 15 11
41 36 34 32 28
44 43 45 37 34 31 28
26 29 31 32 35 47
48 51 61 57 61 63 65 68
19 17 15 6 9 7 4
7 10 12 16 20 22 23 27
12 9 6 3 1
43 39 38 35 32 31
60 63 65 66 70 71
25 27 31 32 34 37 39
9 6 2 1 1 1 1
2 4 6 15 10 14 18 20
49 50 53 57 60 64 66 69
40 38 34 30 27 24 20 16
8 5 4 1 9 1
30 27 25 22 21 19 18
37 34 31 27 25 21
14 17 21 22 25 26 28
44 41 39 35 31
5 1 1 1 1 1 1 1
10 11 15 18 22 26
51 52 54 46 56 57
40 38 38 34 33
50 48 46 45 44
42 43 46 50 54 55
31 30 27 25 22 13
55 56 60 64 67 71 74
45 52 52 53 56
3 1 1 1 1 1
24 28 31 35 36 39 42
1 1 1 1 1 1 1
14 18 19 20 22 26 30
36 33 29 36 24
26 28 30 31 34 36 37
39 41 45 49 53 57
60 61 65 69 67
12 13 16 20 23 31 28
29 32 34 36 37
60 58 55 53 56 49 47 46
60 62 64 67 69 71
48 52 54 58 60 63
1 1 1 1 1
44 41 37 33 33 28 26
41 44 45 47 46 52 56 58
25 20 29 30 33 36
51 55 57 70 65 69
36 32 30 28 25
26 28 29 30 31
48 44 42 41 38
45 42 40 39 38 34
54 56 57 58 60 63
39 41 45 46 49 53 56
8 12 15 17 19
46 42 41 39 37 33
7 10 14 17 18 19 21 23
25 23 21 17 15 13 11 8
15 16 19 20 28
45 48 52 53 55 56 58 59
51 52 56 58 60 63
26 25 23 21 20 19
28 24 22 21 18 14 11 10
6 3 6 1 1 1
6 5 1 1 1 1 1
21 17 16 15 13 9
34 33 32 29 27 23 20 16
2 4 5 7 11 14 17
38 39 42 43 44 47 50 52
7 5 4 2 1 1 1 1
8 11 14 15 18 20 23 27
38 39 41 45 48 50
15 12 11 8 7 5 2 1
8 7 3 2 1 1 1
58 62 66 68 72
4 8 12 15 19
30 28 25 23 19 15
57 58 62 63 64 65 67
10 8 5 3 1 1 1
17 21 24 27 28 32 33 36
32 28 27 23 22
1 3 6 10 13 17
60 64 65 62 73 77 81
15 18 20 22 26 27 33
55 53 50 49 48 47 43 41
3 5 6 8 11 15 16
42 45 47 51 53 54 58
12 9 6 2 1 1 1
5 2 1 1 1 1 1 1
34 30 27 24 22 21
39 42 43 45 46 50 53 55
23 26 28 31 34 37 40 35
28 17 20 18 16
30 27 25 21 19 15
38 42 44 48 49 50 53
21 24 26 28 26 32
11 9 6 5 1 1 1
29 30 31 32 33 35
35 34 30 26 24
14 18 21 24 26 28 30 33
9 10 11 15 17 18 21 24
43 39 37 36 33
40 43 45 47 48 49
56 60 50 46 42
25 23 21 19 23 14 10
33 30 27 24 20 13 14
32 35 39 35 42 45 46
52 50 48 44 40 36
53 52 51 49 46
3 4 5 7 11 14 16
57 59 61 73 68 71 72 76
2 1 1 1 1 1
10 12 13 16 19 22 25 27
43 47 51 52 56 57
55 49 60 63 64
31 28 25 24 26 18 17
8 5 8 9 12 13 14 17
22 18 8 11 7 6 3 1
38 36 34 32 28 24 21
10 19 14 15 18 19 21 24
13 10 1 3 1
25 28 31 34 36 38
3 5 9 12 16 17 19 20
1 3 7 8 12 15 19
11 8 3 1 1 1 1
8 12 14 17 21 25 28 29
19 23 27 28 31 32 34
22 20 18 15 12 8
7 9 10 15 16
24 26 30 33 35 36 37
9 15 12 9 5 1
30 32 26 23 22 20
22 19 19 16 12 9 5
43 39 36 32 30 26 22 19
33 30 29 25 24 20 18
40 38 37 34 30 26 24 22
40 38 37 33 32 28
21 23 27 29 33 34
35 35 27 26 22 21 20 19
14 16 19 23 24 27 30
39 35 34 32 31 27 24 23
32 31 30 29 34
34 35 39 41 43 46 52
15 19 21 23 25 36
43 46 50 53 54 56 58 62
44 45 40 51 55 58
4 1 1 1 1 1
52 51 50 48 46 45
38 34 32 31 30 26 24 23
49 46 45 41 39 38
6 2 1 1 1 1 1 1
32 35 36 37 39 42
39 47 48 51 53 56
10 2 6 3 1
25 24 21 17 15 13
35 39 41 42 44
15 16 20 21 23 27
14 13 18 7 4 1 1 1
8 7 5 2 1
56 54 52 49 48 47
51 53 57 59 62 63
6 3 2 1 1
23 21 19 16 15
1 3 4 6 10 14 18
58 54 51 49 45 41
56 58 62 64 66 70 73
12 10 14 18 22
42 41 37 35 29 30
2 7 1 1 1 1 1
58 56 58 53 50
28 32 33 37 38 42 46
27 30 40 35 36 38
5 7 11 14 16 18 22 35
14 11 9 7 7 5 1
33 36 38 39 47 42 44
59 60 62 66 69 65
55 59 62 64 65 69 72
39 36 35 33 29 25 23
38 38 36 33 31 28 26
28 24 14 19 17 14
44 42 41 38 37 28
56 51 52 50 49 45
35 31 27 26 23
31 28 30 21 19 17 15
18 15 11 15 4 1 1
6 10 11 15 19 20
36 33 30 29 26 29 22 19
29 27 25 22 20
29 27 23 22 21 19 17
3 1 1 1 1 1
5 3 1 1 1 1 1 1
31 35 39 43 47 49 52
41 37 34 32 29 25 24 22
18 14 13 12 9 6 5
25 27 28 29 32 33
37 41 42 45 49
7 5 4 1 5 1
21 19 17 14 13 10 7 3
34 38 41 39 44
49 43 52 53 57
56 58 61 64 65 67
27 30 34 35 38 42
59 56 51 50 47 44
45 49 52 53 56
3 4 7 3 14
2 4 5 6 7 8 20
20 22 24 28 29 32 35
28 24 23 21 18
31 39 33 37 38 39
48 51 53 56 59 63
32 34 36 39 40 41 45 46
53 49 48 44 43
52 50 46 44 42 41
31 30 29 27 26 25 24
56 54 50 48 47 44 42
52 50 48 44 43
35 37 40 42 44
8 6 4 1 1 1 1 1
44 46 48 51 54 53
59 56 53 58 50
35 33 30 24 24
37 35 34 31 30 28 24
28 32 34 38 41 43 44
55 59 62 63 65 67 71 73
53 55 59 63 66
4 7 11 12 14
23 16 16 12 11
44 45 49 51 52 56 59 63
51 49 48 45 44 42
12 13 16 20 24 26 29 32
8 6 4 1 1
30 26 24 22 18 14 20 8
59 55 53 50 47 46 44 43
44 46 48 49 51 55
11 6 10 11 15 18
26 24 22 21 16 15 13
16 14 11 8 5
15 11 9 7 6 3 2
52 54 58 59 60 61 56
57 58 59 62 63 65 69 72
17 14 13 12 10 7
10 11 12 16 17 19 20
5 2 1 1 1 3 1
56 54 58 47 46 45
40 39 36 32 31 28
48 49 52 53 56
6 12 8 6 2 1
18 14 12 10 7 4
51 49 51 46 42 41 38 35
39 36 34 33 30 28
11 13 14 17 20 23
37 28 31 30 29 27 25
10 13 14 17 17 23 24 26
27 25 21 17 16 12 9
24 22 20 19 16 14 10 8
48 44 37 38 35
2 3 6 8 12 14
55 51 47 45 42 39
14 17 19 23 25 26 28
48 45 44 42 40 38 35 32
58 60 63 65 68 69 71 72
18 17 14 12 11 8 7
47 48 49 51 55 57 61
37 35 32 29 27
26 24 20 16 15 14 11
32 29 27 26 22 19
4 5 7 11 12
7 10 14 18 22 26
23 25 27 28 30 33 36 37
32 36 40 43 44 45 48
6 10 11 12 16 17 18
60 64 66 68 70 73
8 7 3 1 1 1 1 1
32 30 28 32 23 21
46 45 42 38 35 34 32 29
56 52 51 47 46 43
49 47 46 43 39
56 54 53 49 45
4 3 1 1 1 1 1 1
1 7 10 13 14
48 46 44 41 37
27 26 25 21 19 18 14
10 12 13 16 19
59 58 57 56 52 48
44 47 48 50 53
25 24 30 20 19
37 39 42 46 49 51
11 12 16 17 18 19 18 25
58 61 62 66 67
59 55 55 47 46 44 43 41
18 20 24 26 30 33 35 37
23 25 28 31 34 36 40
58 57 56 55 54 52 50 48
33 30 28 27 23 20 18
43 45 47 51 54 56 60 64
35 33 30 28 26 23 19 15
15 19 32 24 27 29 32
52 51 47 43 41 37 29
2 5 7 8 12 13 15
30 28 27 26 23 20 18
40 42 44 48 47 50 54
54 53 49 45 43
58 61 62 63 67 74 70 73
18 19 20 23 23 24 25
32 37 33 29 27 26
21 23 25 27 31 34
40 41 45 47 48 52 54
47 46 44 42 38 37
25 21 19 15 14 12 9 7
48 46 42 38 34
27 30 33 36 39 40 44
17 18 22 24 27 28 29
21 25 34 31 32 36 39 43
47 50 51 54 55
54 44 47 45 42 38 37 35
3 3 10 12 15
13 10 8 4 2 1
36 35 31 28 27 24
9 6 3 1 1 1 1
31 34 36 40 41 44 46 49
36 39 41 42 46
37 41 45 47 50 51 52 53
3 1 1 1 1 1 1 1
21 18 17 16 15
13 17 19 21 22 26
34 37 38 42 43
57 54 51 48 44 43 41 37
32 29 25 24 20 15 15 13
45 46 48 49 52 56 58
25 26 28 31 33 36
28 32 36 37 38 41 44 47
53 50 46 42 36 35 32
55 53 50 48 45 42 43 42
43 44 46 47 51 54 58 62
58 55 54 51 48 45 43
47 45 42 40 39
53 50 48 44 49
54 55 56 53 61 65 67
60 58 54 53 50
32 29 25 27 19
44 47 49 52 54 57 59
48 51 55 59 62 63 65 66
53 55 59 60 71 67 69
27 26 22 18 19 13 11
26 25 24 23 21
55 56 58 62 66 67 71
42 40 39 36 32 29 27
10 11 24 17 20 22 25 29
21 17 21 11 7 6 3
40 43 47 49 53
32 28 26 25 31
32 34 38 40 44 45 49
18 19 22 24 26 27
54 56 59 61 63 65 68 69
33 32 33 26 23 20 16 12
40 37 33 29 27
27 30 35 37 38
31 32 36 39 42 43 44 45
56 53 51 48 44 43
31 35 38 42 45 49 53 54
29 25 21 17 15 14
47 50 54 57 61 64 66
2 6 10 11 15
5 3 2 1 1
27 26 23 20 19
49 51 54 57 58 62 66
9 2 1 1 1 1 1
38 42 45 47 48
56 60 62 63 64 67 69
43 40 39 38 35 31 27 26
59 56 54 51 49 46 43
32 30 24 24 20 19
10 6 5 2 1
9 11 14 17 19 20 24
10 6 4 1 1 1 1 1
33 29 27 23 19
38 39 43 51 48 49
51 53 56 58 59 60
43 40 36 34 31 30
17 14 13 10 9 6 3
30 33 35 38 40
24 25 29 33 36 37 39 41
60 57 56 53 50 46
36 40 41 44 46
4 3 1 1 1 1
35 34 31 30 29 25 24 21
2 1 1 1 1 1 1
39 35 36 39 41
48 49 52 55 48 59
4 8 10 14 18 19
12 10 9 7 3 6
9 8 7 5 2 1
5 8 10 13 17 20 24
13 12 8 6 2
58 61 64 67 69
16 12 8 7 3 1 1
49 47 46 53 43
9 2 6 2 1 1 1
11 12 13 14 18 22 24 28
10 14 18 19 22 26
36 38 40 41 45 49
9 12 14 16 18 22
28 28 27 26 22 21 17
42 40 37 33 30 28 27
53 56 57 61 64 65 69
25 19 19 16 15
6 10 14 18 28 25 29
25 26 28 29 33 28 38
25 27 30 33 36
16 18 20 21 25 28 29
2 6 8 13 13 15 17
17 15 13 12 10
14 12 8 6 11 2
30 34 38 39 41 45 49
32 34 38 39 40 43 46 47
58 70 64 68 72
40 39 38 36 33 29 28 27
15 11 9 8 5 3 1
57 61 64 62 70 73 77
39 35 37 40 41 44
37 36 33 32 33
17 13 9 5 2
57 54 51 50 47 43
30 33 37 40 42 45 47
12 13 15 18 22 25 26 29
51 54 52 59 63
24 23 27 28 32 33 37
50 46 44 41 38 35
6 4 1 1 1
9 7 6 3 1 1
20 23 27 31 34
52 53 57 58 59
59 61 65 69 71 73 74 78
35 33 31 30 28 24 23
55 56 59 60 63 67
14 18 21 23 27 28
53 55 59 63 66 70 74
15 19 22 23 24
39 43 44 48 51 52
46 44 43 41 39
55 53 50 46 45 41 38 35
46 45 42 39 38 34 30
17 16 13 10 7 6
14 18 19 22 26 28 32
8 7 5 1 1
43 42 39 36 35 32 37
56 58 62 66 69 73
9 17 6 3 1 1 1
36 39 41 43 47 50 51
11 10 6 4 2 1 1
38 37 33 29 27
26 23 22 25 16 12 11 7
11 13 10 19 21 25
43 44 46 58 51
3 1 1 1 1 1 1
21 18 14 13 9 7 4
10 13 16 19 23 30 28 29
53 50 48 46 43 40 38 37
9 13 15 10 17 18 21 25
22 26 30 31 32 34 38
27 31 34 37 38
16 11 8 6 4 3 1
55 51 49 47 46
47 51 54 57 58 59 63
13 11 10 7 4 1
43 47 51 53 56 58 62
2 1 1 1 1
60 60 63 66 69
13 16 18 21 24 28
46 44 43 40 37 34
49 46 47 38 35
28 29 31 32 35 39 41
11 13 16 20 23
22 25 26 30 32 34 37 39
29 31 33 35 39 44
23 11 10 8 6
14 13 11 9 6 3 1
56 55 52 51 47 44
38 40 42 45 48
49 48 46 45 38 34
22 21 17 15 11 10
22 25 27 31 33 34 38 40
48 51 53 56 58 61 62 66
21 22 23 27 31
25 27 31 40 35 36
19 21 24 27 30 32 36 39
39 42 45 47 51 53
56 55 54 51 50
6 8 11 13 15 17 18 21
49 51 54 55 58 59 62 66
58 57 56 52 49 48 45
54 57 59 60 62 65 67
30 31 34 44 41 42
16 12 11 10 8
18 21 25 27 28 30
17 14 12 12 9
26 28 32 34 38
37 39 42 44 47 49 50
44 48 49 44 56 57
34 30 29 25 24 22 18
36 37 41 44 48 51 52
36 39 40 42 45 47 50 52
42 46 47 49 53 55
28 29 31 32 35
1 4 8 11 13 17 18
43 40 39 38 36
57 57 54 51 50 47
19 23 25 29 33 34 38
51 47 43 42 35 39
47 44 43 39 36
51 48 47 45 41 38 36 32
3 1 1 1 1 1
25 28 31 34 38
37 29 25 24 23 19 18
44 47 48 52 55 58 61
53 52 49 47 43 40 38
19 20 22 25 26 29 30 34
1 5 9 13 15 18 19
1 1 1 1 1 1
37 34 31 27 24
1 1 1 3 1
21 19 16 15 11 9 5 4
31 28 24 15 21 17
2 1 1 1 1
22 24 28 31 33 35 37
31 29 27 23 19 17 14 12
38 39 35 34 32 28
51 52 55 57 58 59 61
31 33 45 40 41 44 48 49
37 36 33 31 25
46 45 44 41 37 34 33 29
24 23 19 16 15 13
26 30 32 35 36 37 39 42
34 30 28 26 23 21
23 25 29 30 33 35 38
41 38 36 33 29 26 22
21 22 26 29 30
33 36 40 42 44 45 46 43
27 31 34 36 37 39 42 45
23 22 18 16 12 9
22 23 24 28 32 42 37
4 7 9 10 13
55 52 48 45 41 40 31 36
1 1 1 1 1 1 1 1
57 53 60 62 65
5 9 10 11 14
19 23 26 29 32
39 43 46 47 51 53 55 59
35 45 39 43 45 48 50
46 49 52 53 54
59 62 65 67 70
26 29 33 36 40 43 47 49
50 54 57 61 65 67 68 71
18 14 13 11 8 5
59 58 55 53 52
8 4 7 9 12 16 17
21 20 19 17 16 15
40 38 36 35 31
35 31 29 26 22 21 12
31 27 24 21 17
50 49 48 45 44 38 35
51 47 44 42 40 39
10 8 7 3 2 1 1 1
43 39 37 36 35 33
36 32 29 20 21 18 16
21 14 23 27 30 32 33 36
18 17 13 11 7 5 1
17 20 23 24 28 30 32
25 28 32 33 31 37 40
13 15 17 18 19 23 27 29
44 45 49 53 55 59 60
1 5 8 11 12 15
42 40 37 36 32
50 49 47 45 44 43 40
11 14 17 21 23 27 28 31
27 25 24 20 16 14
16 17 18 21 24
29 31 32 33 37 40 42
8 9 10 11 17
18 7 4 1 1 1 1
53 52 53 48 46 42 38 36
8 12 10 15 16 19
17 9 8 4 3 1 1 1
4 1 1 1 1 1 1
46 45 44 42 39 37
14 17 19 22 24
19 17 13 9 6
31 34 36 43 40 43
42 46 48 50 51
15 17 19 22 25 29 31 33
36 40 41 44 45
16 18 22 24 27 30
27 25 23 22 19 9
13 16 17 20 24 25 27
47 51 52 56 58 60 63
27 30 32 35 39 40
13 14 15 16 20 22 25
25 21 12 16 15 12
21 25 27 30 33 36 40
27 19 22 19 16 14 11
21 26 17 14 11 8 7
19 17 13 9 13
37 45 34 31 29 28 25
3 7 8 11 15
25 23 19 16 13 10 6 2
41 45 46 56 53 56 60
6 5 2 1 1
28 32 33 36 40 44 38 48
43 39 37 38 32 28
29 25 24 23 22 20
60 62 63 66 68 72
4 3 2 1 1 1 1
51 49 47 46 44 43 42 38
12 16 20 22 26 29 31
32 30 26 22 19 26 16
10 11 13 14 17 18
11 10 7 6 3 1 1 1
12 15 17 19 20 21 23 25
43 41 38 37 34 32 31 30
57 59 61 63 65 68 69
31 34 38 42 44 48
55 59 61 65 66 70 73 76
34 32 29 26 22
17 21 22 23 25 28
28 30 34 38 42
1 8 9 12 16 18
46 50 54 58 61 64
53 52 49 46 45 44 40 38
12 10 7 6 3 1 1
32 36 40 43 44 46 49
6 10 11 15 17 20 22 25
43 42 39 35 34 30
15 14 10 10 9 6
46 43 40 36 35 32 30
38 37 36 35 33 29
55 58 59 62 58 69
2 4 6 10 12 16
36 39 40 44 45
46 44 42 40 29
42 36 45 48 51 54 55
44 42 38 36 27 31 28
6 3 1 1 1
33 31 29 25 22 18 14
18 21 23 25 27 31 34
15 17 21 24 25
51 50 47 43 40
52 48 46 43 42 38
1 5 8 9 10 12
32 35 38 42 43 46
1 1 1 1 1
28 26 23 13 18
48 50 52 53 57 61 64
12 9 6 4 2 7
13 22 18 21 22 25 28
19 22 24 28 32 36 38 40
17 18 21 24 26 30 31
42 44 48 51 55 56 58 61
41 39 37 35 33 29 28 25
8 6 3 1 1 1 1
11 14 16 17 21 24 25 27
7 4 1 1 1 1 1 1
44 41 41 33 32
42 40 36 35 32 30 27 26
14 12 10 6 6 2 1 1
24 15 19 18 15
31 32 36 40 43 44 46
36 33 32 30 29 27
13 12 9 6 2 1 1
50 41 43 42 41
29 27 23 22 19 17 14 10
48 50 54 57 60 62 65 68
41 40 36 33 32 30
56 58 61 65 68 71 74 75
58 60 63 67 68 71
45 44 43 41 37 34
19 20 23 27 20 30
36 35 31 29 27
46 48 49 53 56 60
7 9 11 14 15 19 21
3 2 1 1 1 1 1
44 40 37 36 35 34
21 24 27 31 34 38
34 39 37 33 29 27
56 53 50 47 46 43
60 52 48 44 42
36 39 41 42 43
48 49 50 52 54
11 13 14 15 17 18
57 54 52 49 46
44 38 37 34 33 29 28 24
60 61 62 65 69 72 73 76
43 42 38 35 35 31 29
37 36 34 30 26 24
43 42 39 36 32 30 28
56 55 51 49 48 45 43
60 57 54 52 50 47
30 33 34 38 39 41
44 46 50 51 54
15 16 19 23 25
50 53 55 56 59 62 63 56
13 14 21 21 24
6 7 8 10 12 13
15 21 24 28 29 30
17 13 11 10 6 2 1
42 38 35 31 29 21 23
34 37 41 44 47 50
57 56 54 51 47 45 42 38
17 13 13 9 6 3 1 1
53 55 56 59 60
10 6 3 1 1
56 54 52 50 47 43 39 36
10 11 13 15 19 20 22
10 12 18 20 23 26 28 29
27 28 29 30 32 33 36
32 29 26 25 33 20 16 12
51 47 44 40 39 36
46 43 40 42 33
24 20 17 13 12 9 8
43 47 49 51 52 53 56 58
3 1 1 1 1 1 1
43 40 37 34 29
46 43 34 35 34 32 31 30
37 34 31 29 25
1 8 10 12 14 18 20 24
37 34 31 30 29 28 25
35 34 33 32 31 28
37 38 40 43 47 50
4 3 1 1 1 1 1 1
33 32 29 25 19 20 16 12
58 60 64 64 68 71 75 78
27 26 24 20 17 13
2 10 5 6 7
9 1 1 1 1 1 1
13 12 8 6 4
1 5 9 12 14 15 19
31 29 25 22 18
2 1 1 1 1
3 1 1 1 1 1 1 1
32 35 36 39 40
20 16 4 11 7
5 2 1 3 1
53 54 58 59 67 62 64
31 27 25 24 22 17 17
33 29 31 34 37
12 13 18 18 22
7 10 13 13 17 19
52 56 60 61 67 65 68 72
22 20 16 15 12 8 5
48 46 45 42 43 40
4 1 1 1 1
9 13 14 17 18 22 24
9 11 12 14 18 20
16 13 18 7 4
25 24 21 17 14
13 15 18 19 22 23 26
54 50 47 45 42 39
36 39 41 43 47 51 54 58
57 54 50 49 48 45 41 40
28 30 33 35 39
52 51 49 45 42 40 36
34 30 27 25 15 21 18 14
11 8 6 3 2 1 1 1
52 55 56 60 62 66
50 46 45 41 39
41 42 44 47 40
57 60 53 51 48 45
47 50 52 56 58 62 63 65
16 19 23 26 29
52 55 57 59 61 64 66
12 16 7 4 3
24 23 22 19 15 13
51 50 49 46 43 42 41
27 25 24 20 18
9 11 13 14 15 17
49 46 43 39 38 37
44 42 39 37 36 32 30
18 21 22 28 29
30 31 35 39 42 44
41 43 45 49 51 52
7 9 10 12 15 19
55 57 59 63 67 68 70
35 37 40 43 44 47 50 51
58 61 65 66 67
24 22 19 15 14 13
7 11 12 14 15
52 43 40 37 34 32 28 27
17 21 24 32 31 33
1 1 1 1 1 1 1
45 46 47 48 50
58 54 50 46 42
37 39 43 45 47 50 51
50 48 50 45 42 40
14 18 20 24 25 26
33 34 38 42 46 47 50
29 27 25 22 20 17 15 16
9 12 16 20 21 25 28
12 8 7 4 1 1
17 14 14 13 9 5 3 1
14 17 19 20 22 33
26 24 20 17 13 10
55 53 44 48 47 44 41 40
36 33 31 30 26 22
26 22 20 16 13
16 12 11 9 4 5 3 1
40 43 47 50 52 55 59 63
26 22 19 15 12 8
18 21 24 26 27
31 33 37 39 42
42 38 37 33 29 28 26
5 9 13 15 18 22 25
47 46 42 41 38 35 30 29
41 39 38 37 36 35
21 19 16 14 13 10 8
42 39 38 46 33
15 19 23 22 25 28
8 12 13 20 21 23 26 29
2 6 10 11 12 16
59 61 63 67 71 73 77 81
21 19 17 16 15 11
56 54 51 42 46 45 43
47 48 50 53 54 57 61 65
3 6 7 10 11 15 19
9 6 3 1 1
7 7 6 2 1
54 58 60 64 67
1 1 1 1 1 1 1
64 57 54 52 50 47
48 52 55 57 58
29 27 23 19 18 14
25 33 30 31 32 34
10 2 3 7 9 10 12 16
27 26 23 20 16 15 12 8
6 13 15 17 19
33 29 25 24 22
4 1 1 1 1 1
49 51 53 56 57 59 63
48 49 50 53 47 59
58 54 52 51 49 47 46
15 17 18 21 24 28 30
7 11 13 17 19 21 25
15 11 8 6 3
44 48 53 52 56 59
42 43 38 51 52 55 56 59
2 5 7 10 13
13 17 21 23 25
5 7 16 11 15 16 17
45 44 43 42 38 35
1 1 1 1 1 1 1 1
10 13 14 16 22 21 22 23
55 53 52 49 48
43 40 36 35 31
19 18 14 10 8 7
46 43 42 39 38 35 31
14 12 8 1 3
18 14 10 6 5 1 1 1
47 49 53 56 59 62
1 2 6 9 12 15
17 19 21 25 26 30 40 37
10 9 7 5 1 1 1 1
28 27 25 22 19 18 17 14
2 4 7 8 9 13
42 46 50 51 54 56 58
41 44 47 48 51
17 6 4 3 1 1
4 6 7 10 13 15 16 18
38 40 43 45 47 50 54 55
38 35 32 29 25 24 22
43 39 38 36 32 29
48 44 40 38 37 36 32 29
51 53 56 59 60
45 49 47 53 56 57 58 60
48 45 42 39 36 33 29
40 36 35 31 27 23 21
55 52 50 47 44 40 39 35
30 33 35 37 41 42 44
46 42 40 37 36 33 32 28
34 35 38 39 43 47
37 40 43 44 46 47 50 51
35 34 31 28 27 24 21 18
3 4 8 10 12 15 18 22
28 24 21 20 17
34 37 40 42 44
37 35 32 30 27 23 22
6 5 2 2 1
59 60 54 53 51 50 47
23 25 26 29 32 35 37
15 16 20 24 26 30
38 42 43 52 48
27 36 40 41 43 47 48 52
21 24 25 38 33 37 39 42
6 2 1 1 1 1 1
16 15 14 13 10 6 5 4
42 45 47 51 55 58 60 61
43 40 39 38 34 33
37 33 29 25 23 20 19 11
34 37 38 41 52
51 49 45 42 40
33 30 27 24 23 21
16 20 21 23 25 33
38 39 42 44 47 51
37 33 32 28 24 21 19
28 31 35 38 40 42 44 45
16 14 13 12 11 9 5 4
25 28 30 32 33
12 15 17 18 16 23 27 30
55 54 58 62 65
59 57 53 51 58
34 35 37 39 42
50 50 45 42 38
11 7 6 2 1 1
38 36 35 33 32 30 26 23
33 37 39 42 46 48
37 41 43 47 51
6 2 1 1 1
11 9 6 4 1
52 49 46 44 42 40
30 26 24 20 13
15 17 21 24 27 22 31
57 60 64 66 60
29 25 33 36 40 44 47 51
54 55 51 50 48 46 44 40
37 36 34 30 29
58 56 52 51 49 47
58 56 55 53 49 47 46 48
25 26 28 31 34 36 39 41
22 20 18 17 15 9 10 8
27 25 22 18 17 15
48 51 51 52 55 56 60
2 6 9 10 14 15 18
15 18 22 25 26
37 40 42 45 48 50
41 44 45 49 50 51 52 56
39 38 37 33 29 25 22 20
60 64 67 68 72 75
51 55 59 60 63 67 71
39 37 35 33 31 28
33 32 31 29 28
2 5 7 11 15
7 11 15 17 21
4 2 1 1 1 1 1 1
10 8 6 3 1
42 45 49 52 56 58 60 64
53 57 58 61 65 67 69
5 3 2 1 1 1 1 1
42 38 41 42 43
24 25 29 33 36 39 42 45
18 20 21 23 26 27 21
5 7 17 11 13 17 20 24
47 41 50 51 55 56 57 60
4 3 10 1 1 1 1 1
41 45 46 48 49
32 34 38 42 44 47
45 41 40 37 34 31 29 28
19 16 15 14 13 10
23 24 18 17 16
17 14 10 6 2 1 1
12 13 16 17 18
25 26 28 32 36 37 41
12 14 17 20 23 27
46 48 52 54 55
9 11 13 15 17 20 23 27
58 59 62 63 66 68 70 74
17 10 14 15 18
32 28 25 23 22 20 18
26 25 22 20 19 17 16 12
37 33 29 26 22 18 15
2 3 7 9 11
4 6 7 8 12 7 17
11 12 5 2 1 1
29 25 22 21 18 14 11 7
33 36 38 39 43 46 50
17 20 23 24 25 28 31 33
15 19 21 22 25 26 30 32
2 1 1 1 4
60 59 58 57 53 49
40 37 35 33 31 30 26 19
39 35 31 29 26 25
42 41 39 37 36 34 31 29
13 14 15 18 22 26
40 38 37 35 32 28
37 34 30 26 23 22 21
60 61 53 52 50 47 46
10 11 13 15 18 19 18
28 24 21 19 15 13 9 8
28 27 35 24 20
53 54 55 57 60 61 63
10 11 13 14 15 17 18 21
26 28 31 33 37 41 42
15 18 19 20 21 24 27
22 26 24 30 34 36 39
