23533   11185
20626   31670
78130   75513
25087   93369
43642   66577
12642   31878
90795   18141
97645   25841
41285   88112
65251   79497
14368   22235
74430   27125
35401   53718
74144   76796
94587   85030
70234   11938
69328   90820
30822   48756
91509   86594
71614   68482
81358   51232
65222   45548
82114   34087
88807   38168
94204   67430
34210   10067
67333   54397
72170   28655
89520   59635
89720   62979
49534   56471
57769   23419
42825   36670
28140   28436
35518   16451
55298   94695
66733   10722
73409   54311
32483   81056
57556   51050
31353   44482
97892   82728
15399   74265
78350   48984
84453   45476
67304   70701
70412   61037
65896   84647
66671   31889
78577   95990
38227   78076
98777   65293
67256   62400
34020   50603
34340   71399
14827   16699
18453   49645
86290   71458
38833   24417
68907   43295
82172   52294
22968   57933
17330   42301
90373   92791
33430   70595
63462   56753
14700   72389
89957   80285
38563   79522
19154   70217
37773   62117
75033   44841
56783   22603
52686   38799
67217   11347
24866   82912
87510   58948
14754   24659
79638   72345
11269   63732
33113   64465
41357   33644
73003   53630
97109   98268
78702   10703
52879   14025
46762   50836
43547   73027
36560   51193
32813   63856
17798   28168
76897   31878
80720   49398
86425   77234
84625   60790
33856   98546
82791   53850
52728   14189
27445   23014
23746   25164
27120   18468
61600   79580
66603   91584
46558   80940
66157   68451
16808   80626
65946   58672
24141   62598
64770   58660
85157   97085
13550   87021
91538   60869
16598   46353
84725   19417
21202   80675
55963   82487
65262   80427
98939   73382
38175   85671
43903   22687
10362   97528
24157   38906
87527   84301
60414   75207
98380   26004
38009   51558
59155   85450
42396   32176
25714   22526
60388   35717
11258   93131
38441   14543
29886   31942
79508   44579
86627   88988
35821   78735
77655   80084
45223   40959
47821   58491
89943   75427
98372   68781
12781   70604
68902   86242
20813   19107
74057   41873
81154   75443
99281   50913
76487   59430
25721   35254
50573   13163
58497   24206
41395   24848
13028   89202
95340   87612
30489   43510
25614   76986
50653   11179
58316   58478
27527   68278
37610   76498
11821   45087
89499   36763
40285   50835
48374   89054
69177   39836
17785   91721
13318   12156
65468   85430
94366   56657
66811   40432
19343   70595
83135   14533
62722   86441
35975   95053
94399   85385
87637   36313
15168   29032
84307   99604
11349   84689
11262   64255
26987   65261
67691   21385
54166   38518
37540   96066
36610   91505
29323   43034
50928   13386
76518   79255
80489   21570
99327   19827
46959   28712
99742   45103
95054   26253
29146   39560
57793   79062
88192   34043
59842   64678
25223   43590
71196   53487
77879   35277
34084   13034
31251   40490
52341   58108
86375   50951
86945   39852
29581   94090
68294   50964
74003   68693
39717   53696
44131   21034
25752   96765
14601   74700
87584   64948
53867   89008
67534   69543
39591   50458
88984   90436
33082   48382
13906   55770
40544   86881
22194   91634
11584   99133
38662   81302
12346   15567
90475   65421
31483   44044
21038   38287
74886   85248
16313   69766
50881   58149
54457   86927
98052   17392
89120   30869
30514   75525
56770   66809
41150   63393
88647   36358
40582   18218
61410   87986
54724   12898
92230   34088
88642   62678
19715   71333
87845   17773
29898   97795
29791   32318
61137   44272
47608   14762
64085   42724
70275   11275
34028   52353
68653   65883
98199   53264
79351   69376
48589   82088
55708   19383
84865   30116
73421   90436
98864   47332
70745   12515
93584   30142
38972   61953
84568   16463
93972   56895
60697   21267
73708   73934
17768   45783
62614   52282
96672   83357
88879   41845
45953   19759
99576   29538
30826   24172
72434   47876
35599   96228
17151   10161
51287   55374
14307   64767
58594   86222
85080   92826
49427   91979
92625   62217
72960   24841
15917   54119
58310   41205
51083   61202
82500   64368
31801   62571
81663   66294
64848   23127
14864   81997
55642   80246
23758   44938
33160   99140
10763   19622
58745   52148
54989   37058
98530   70859
63490   19842
22588   56637
63846   18199
74524   67077
73731   29040
78054   28303
46586   82327
83292   90554
36932   74087
15433   23848
32502   54688
56034   12995
69917   67104
61817   78540
22049   88221
74409   20247
32419   89328
53967   75022
30168   65865
37388   40909
57145   67692
50575   99461
90288   53393
11672   57170
89003   68077
25277   49202
84907   23951
57168   99257
27599   90728
49775   38813
95432   33864
48429   13317
78694   90485
76163   57170
71677   50363
45260   24586
63643   24771
89022   21382
40391   84694
56674   31277
30785   68379
92372   70596
98936   82839
92631   36673
93306   99334
87314   49208
17124   21573
51083   22754
37803   93271
72822   47172
43201   22359
70531   88941
66795   38905
69508   12210
79270   41600
84668   90294
67969   84892
35172   83137
48827   58780
24975   20344
27202   11606
28786   22279
36216   28323
71085   13833
58434   90456
73512   26612
22997   25396
20780   61605
82624   10066
93045   60723
39314   24568
35936   42241
30918   88407
14647   41916
61030   76850
81641   88446
55271   20335
18991   92308
74839   83717
14685   19306
62574   74519
84651   64164
40870   71741
99657   11407
14971   41117
10275   41290
89949   98201
68252   21063
85558   79001
71593   51837
82269   96010
95778   67988
65421   85036
31883   60591
69840   76195
55144   78011
96360   24403
23661   23736
19776   42840
26902   23399
53180   51141
85126   36717
25759   89135
98230   26038
41331   19115
84647   98947
65321   58505
42644   37969
55753   21550
77619   55461
72512   18399
36023   79955
29391   72945
89486   44377
42467   49763
43627   39203
45614   17071
80925   63737
34112   32184
98189   68275
75259   13496
55074   34170
84666   62516
21519   36728
96065   97637
24606   83881
44307   45951
88133   94700
45318   99459
23165   89727
95237   26660
85511   77630
18166   15472
64647   71842
66986   26111
95221   58131
72918   45760
63901   76279
38485   62493
16904   94186
29264   69372
39629   40129
44992   29939
59029   26745
51367   46691
34894   30047
40390   50492
62030   31588
75812   36144
14842   96835
73717   28630
73415   23181
83832   87084
91528   98427
21926   72144
27844   63306
73577   80183
41695   92634
61970   74723
87813   59246
88261   23195
19444   70160
51252   69539
79974   78438
26130   73017
87374   75171
55700   73942
27120   36278
70746   34338
70634   58928
18349   92181
24823   50212
43415   34737
18823   86035
60396   17426
36252   29943
94089   60403
78340   69484
78116   47145
37172   30207
90773   39703
22621   89741
46227   48249
10823   96717
36609   84335
83679   68463
49690   20841
98218   23653
82739   18934
38755   10256
74751   32217
85526   76681
56009   24498
61012   63470
85158   55220
95067   42239
26782   85451
90034   66148
74610   23900
25292   87886
86393   22383
83470   12799
91566   63617
84138   82765
92046   45731
77703   53797
63892   94399
94428   75822
52644   72280
30965   48728
16188   37745
54189   29966
10631   63026
46969   88150
18721   72612
58752   44544
13275   51121
96258   53599
81025   12008
89400   82918
31528   55326
43835   37347
68308   93608
30045   72524
80273   28529
59205   79457
79577   71285
82162   96907
86474   67618
65193   45619
89935   96570
88052   11728
33995   65957
24240   55759
85654   20337
25003   42535
44521   90842
28005   67256
26981   78222
48185   28509
30377   10518
24613   77497
21686   21918
88280   29726
26588   47865
34284   50148
24362   91379
81007   55443
53974   55556
86610   32503
62397   81422
32501   61837
29555   36298
43931   48834
90586   27912
21264   96802
66836   10677
47951   24638
85210   56294
41386   50548
55555   48883
80100   92575
39379   77565
90905   20578
48204   20338
18086   23785
89802   14524
71049   73500
38983   92705
33153   74283
39071   54709
38093   11539
71086   40206
70257   95688
71202   30862
77998   12024
33242   94277
90379   18412
65451   14640
83221   25755
60242   86947
55658   48486
29270   43287
20174   97325
88968   40374
97908   98623
38868   31405
49199   59564
50012   67942
10967   27621
96639   57162
60178   53444
26856   79164
14031   49778
73940   46604
31570   17015
28068   25274
65790   80238
22997   47272
28207   14761
64658   36248
21528   28867
88160   48212
65083   71667
77075   30328
11471   67334
76078   20128
56332   13258
82526   10340
48801   25013
85555   12708
87057   64914
29679   22624
15719   12586
40590   22463
43270   17484
17830   88145
18003   94920
73699   67403
38012   23958
88686   12556
20646   75218
72896   33235
19175   45604
12294   28976
61131   60263
39101   59016
89450   34626
76015   78112
25511   51330
28634   82225
36140   70194
66788   22246
17831   26610
52805   72094
78055   10307
54351   44075
39317   92856
38840   78571
49784   16940
14668   39503
36856   68074
52680   88306
36883   79804
46337   53946
24586   98950
75884   16930
24489   14179
63337   32057
92594   16343
97928   41933
35621   41826
20884   33369
85647   24924
94499   81942
35981   33189
47214   87156
23473   74381
90780   38209
63170   83434
69873   38343
89185   27168
39567   14034
41180   64148
74262   14017
44670   24857
93601   59063
46524   71150
97943   13556
43502   11213
10870   88234
40318   12458
44053   65005
79679   95631
62371   74442
53206   10562
80440   46358
19222   54706
64381   15073
87876   32857
51003   22999
72855   34077
80778   82340
78155   95872
76110   37542
34088   85277
30003   90724
33230   96238
23818   21783
17534   65047
64253   17667
51421   48330
45911   67948
81051   15729
89534   24109
40700   71722
37495   13118
25784   99166
29761   66228
41404   30535
72847   83244
71967   52897
95636   88078
63066   20321
63304   65887
53712   69719
58755   97719
45245   76354
53106   64682
62676   47421
86520   17411
96774   10401
22771   84846
20229   62939
29514   18193
81371   75808
50595   59314
67057   97489
64090   50694
58638   99521
69397   81943
28012   18871
85414   57786
35187   52028
41422   44148
38833   73644
68539   77925
85253   97669
80280   92645
16877   30169
33681   63507
58248   27950
13968   78811
94876   90923
38754   74819
85645   95468
86595   20127
47149   70651
69861   52746
88505   81592
45034   42550
45649   86582
60122   25036
13243   32247
72910   32533
64614   48438
62573   70991
23745   69207
52546   11357
69102   28927
52817   75666
90562   91768
84648   62096
39645   80886
91265   94979
69479   88418
71533   49476
44623   25009
50176   90576
75977   14347
72966   64872
64985   40949
20812   94269
90198   74311
24043   51163
67332   18022
39360   17190
87538   84921
81520   13289
40634   34134
87587   77773
52636   87648
83753   23343
74523   47779
80341   65401
59165   65135
29628   94908
76489   82326
19404   81072
92394   91667
25609   48294
61690   65225
75750   61616
49984   70173
95370   97410
79291   52808
12081   29688
48094   66092
48626   37881
53014   35358
78608   67544
55740   65588
70232   35438
88325   99937
41563   52250
80892   35809
17519   73625
93670   99685
89583   60231
67939   29415
78948   65459
72165   36225
67749   93900
29292   66431
63016   40576
90256   50495
27892   77520
39162   48060
85854   12410
31623   43097
43041   57808
52601   66143
94709   44118
19538   97374
93009   95721
13866   95152
10858   53904
59156   52282
89144   44472
33635   44414
41511   16565
92175   73473
78813   71180
26660   54711
73335   24698
56027   24780
20126   45912
76114   14605
36773   22035
66472   60923
18443   45795
65912   76928
49188   69573
36595   29288
58229   47729
52835   85548
70468   89833
86373   16458
37673   22588
65509   52440
38711   69312
94122   59335
70442   77929
78623   14457
21481   33746
42284   99888
85841   84438
59894   73704
79654   86028
35552   26699
53919   58058
20673   68573
56654   40604
95764   99335
60505   79441
47709   29882
31983   20098
86538   69675
73329   78215
20048   28685
11306   47045
21793   14301
32919   16206
77728   11327
13307   43735
99633   29246
94220   19309
26409   11040
50289   78473
16613   85377
32464   52403
71234   77314
76983   57744
66702   98796
55469   78958
74778   21481
74460   10672
74250   65009
89877   87068
76880   82748
87815   57075
98976   47315
61282   78127
11231   44224
46013   65431
50571   78357
68832   74286
76780   29935
92800   61629
24652   71873
95468   18820
45028   14936
20802   20267
16124   62199
81988   54814
15354   27171
54250   71426
63486   59175
60027   60054
21941   55847
68391   21149
11107   47508
79304   24524
13185   35669
46938   85265
17499   28432
33422   77046
34196   13576
22724   59945
58525   88975
83598   68663
98907   77987
28295   48580
31345   96977
62486   86022
74608   42493
24978   75233
26756   53380
66176   73127
72446   78475
94435   90610
67818   68475
80625   98310
80663   27978
77661   36689
29081   81782
62970   70678
76696   62635
28437   65618
55981   75639
23278   50844
82423   13102
84001   12746
43137   55266
73942   71434
35100   11273
49241   82051
44919   38800
75999   59314
57683   97990
64551   49694
22060   77901
54747   14515
38049   27590
69560   41364
51460   45683
19708   33444
17987   94527
41027   64047
51203   66939
92094   94015
28772   99418
59324   26521
32654   22690
30621   88754
79739   67185
41112   52814
51203   67879
54947   53517
10088   73155
84039   73896
28361   46475
51633   29126
54022   82455
28414   71483
13084   63288
28512   95469
18103   35441
44732   39873
49107   68571
14110   40584
47579   64687
89808   13089
27482   27029
60030   75282
23411   70092
89609   80352
75418   73855
62704   12529
12640   51154
56781   81652
55590   16806
68366   75648
71979   74543
84636   70150
98459   48025
13527   13126
81553   91889
55265   92847
58857   50065
41248   90018
80041   31298
61583   64940
51172   74096
75509   33429
67139   46352
93640   78094
49062   37811
43446   38873
52384   24757
97552   34051
81097   47606
