7549132000012344432101923154406444556667770554455669777
7548141000012339332217823763217855566674321655556668766
6547655498012238732216542894476956666775897666666666666
6543106321012245633221232201455436667776777776666666545
9542107750111983333330221932567721777777977777776666235
8532198644110172303330127867898880777777878888856660154
7632101033022562313443434053765477887776277777347665544
4543111122133437624594512343450377887775366666298665544
3222112234544721534587619983451277881234459556166665443
2221012345610010440670345672340167889766448765055555443
9811111056823542341281232012344265670769344444325555433
6711122789764561254376501623323454321678944445514408933
5422223656666570555676232744019987666665410555504512344
2322224545666585556798543855558765555504325986553687654
1022333445678696666597666966659554444412346676612791045
2223333444059679766555678887768544389455656345603802345
2233330122189678706656667776667543376324766210654912345
2233444953667775617664366665555441075410845667654323456
2233445854547774327775210445345442323223944567655434567
2334498767037775478876654334215433014122243567665545667
2334556654328876328997643126705432115671152106666656778
2334455666017777710887643245495443211982267897665555566
2210455555556668779657653234421043322222234567665444455
4324454444345569678747650124434544333333345667665433333
5893454332233456661236654344555554444444455678754322222
6733444321012345660776654440146655544555783458754311111
3344555432223455666756654445237666555555652667654322222
4555666544334678962347654341168566661065541698544376321
6667777655434555661798654432009478972696230555444785430
7778888398626555660787698565472886543787105403445695450
9999998207610655667787657675671087898776601412534176321
8888998814577666667776554985679568777665432987649986667
8880128823777776666666554456778177985589444444444355017
8889835889777777766555554456765014576673334012345454327
7779744088888888765512445566784325433543233321655567767
7779652186548888765403445567789878743112123458798758854
6667063987838888766984556677788769652103232369100659903
0123654778128777766676546777889876544044441893661545612
9854666778087776666698756788889877655555550765432632166
4765566778887766677788847898899887777775466697923671085
3344556677877665677809230999999988867886327668610777676
3344456456787665698818118898888777457987810669966666555
3334455327897655567657023487776667321077777668766655044
3334445017870189556646770576665566667867777779655554123
2331210667877254555036681264554455556666610777345443332
2330323467874341234125596655633012345555627772289432221
3765476566455035545498552345744445551255536740189443333
9855581566369126655547601665855555550355540123675554444
5566692501278654987610551554966066655452155687214665543
6666649874445967265523498763677176666553055697323774562
7789776564545870166444445652765277667844545987617783071
6677986554324567766355555501774376015944675556606662189
5507787548013468966266765667789765429844485555055556676
4416787643212567770177874327778765433744597632144445687
2326787643123456677777977017777654345634598544443334597
