93079659
22863810
34081136
70150889
81791016
25415610
70161845
57518806
22162848
86938904
19424262
30943872
18014915
27776336
47235852
43622063
18732389
46718598
92133315
51833780
92172903
33407712
64221474
82804014
56055199
38767069
6395244
45417324
72509927
33524104
42302853
58156461
57147505
91177886
91686252
44758864
4730650
45712797
13706643
74354010
78881146
13086226
65890886
94691367
42377932
15166072
60212128
75612181
28266355
23182510
66176377
19288941
95696906
59703417
80244878
778694
38407062
62008267
40309834
4859938
64648655
86976894
45501420
90667530
99902237
98719964
68587612
87509492
36389072
16844542
210085
60912173
72284657
12951127
80753706
40034932
80153398
47868029
50096168
14553226
47242695
85562961
63354356
5002573
12348269
53030291
98209620
49077834
48670952
39014944
70987993
21815492
41343599
20020216
601749
61462489
45454347
67371991
18764170
87155873
38931604
11326815
60951887
2368777
47815669
46744515
57446124
68978079
36008339
65150370
69232016
96569210
6768284
20870292
58927793
59569328
25129610
40886944
39245017
95110498
5236018
95416076
14711936
19267699
50679468
70752584
46942476
70701163
76907441
97639697
98035675
21689436
96785627
72596199
95958155
5695174
42959545
40952765
25829992
55068261
51387372
63820077
98554657
91022406
76930323
92844391
27225328
58816112
59587125
10770401
27270235
39438655
76614028
49654371
14807286
38362893
16722310
43657677
46543827
37379691
69554743
94624300
43906545
93008816
89258654
89228867
54766277
81738852
50323016
73123135
85308395
15096521
71542926
45870755
96350286
42273502
23097411
25829396
40354314
50386052
63448659
40101472
97936867
26239675
27327485
22775398
85584891
59440947
28498399
20028181
94584241
10357743
185166
14824540
4705871
8825172
78326261
55414897
3063478
63550284
14556236
52828359
89630103
79518113
85457065
75917149
95225937
36250087
31401666
62135805
70516234
66000863
59283481
45421438
64091666
53547690
1996302
96521610
51856929
4585814
78065517
13720491
53270644
95786176
5483196
87977133
53496138
38256045
21948140
86045781
92671360
90889920
3942098
46805428
54316928
87803799
62707382
7585771
61883491
79659143
71750134
13808148
9148870
38590460
50224756
51107091
87995798
19922790
89081972
36722100
31961911
44779931
64332011
72464720
23325738
29527786
91227501
2276550
34072222
97387332
43353442
10110730
20201500
59839673
19724588
58757054
94399144
23890081
41751533
22871350
8601272
4782822
36236719
97502296
21287896
49781665
87275397
34634264
88359576
64989863
15467525
8211005
55298722
36261803
64366206
86328818
7795126
84350026
81391473
62294142
10602941
44437608
79765602
49654411
61893169
52938920
68212217
86558819
11934500
74478889
19447419
32245072
49257426
92908723
80768130
65093706
23072394
30307295
19412697
86615136
85449810
25384973
57323894
4185291
64053000
99490137
35037458
52273541
49754010
92468699
97109371
36933390
5786695
21498447
73531183
56889526
65142672
37629923
41978481
51749009
64255175
88708494
97159257
30255905
37732583
44228552
15358521
30776481
50809048
18085555
18653844
22825746
89899432
70179661
80213972
34451616
24577897
66400237
5643897
67178643
21703207
95866715
25045164
88605687
47866907
59094845
4423438
30450931
1577557
14906697
51477394
63161672
10318909
87459367
72520834
7363058
95592839
41846901
1357820
80673077
84415458
55335373
95362581
43516726
52525917
60276952
56207623
65950656
1456857
87956651
26897904
77759904
8320199
15374197
57381266
94027731
35335869
74907386
98455968
56125448
71571984
58676181
75878506
30085863
74751
62323865
446588
1617289
16697615
29236885
44549654
55079742
91991236
84119586
5116448
37226521
85932647
62412224
30025706
45038895
80123570
98521752
43271361
78407615
99621187
70064051
38276548
82061245
71136234
36622636
60027500
57852329
35544272
69027506
17518616
40895466
59725268
76900147
93082584
4533527
69598999
19436529
18125771
78158108
47352737
60067037
2913938
57086582
41199259
23939873
9128743
63853171
40755044
22163049
69913036
59838585
16338147
67808372
33495945
30941238
6202063
84946724
28596834
67536955
79202247
3725573
80340516
83674011
90267061
73510418
90523337
40330696
1765159
5122359
95372098
84761159
65606660
71872295
22279219
22334280
35893378
49906867
25157135
53926534
9230617
96274555
18908045
16251510
16320820
14482962
23678099
99032114
21220325
42065366
21492877
71414926
27321477
62950482
963050
5134620
33827705
56188217
72834030
35236326
68739567
76412361
83640127
38911455
79455531
5493578
16336940
30690893
10379671
43332187
72314938
17085616
903081
48431302
35745549
10613084
64430519
40496998
99232028
57295579
31303890
7335399
42863507
69894074
36486288
17792470
93056255
12415715
35568933
81842178
75660872
80726738
99992617
9992682
803476
79775269
96639496
53776977
64120705
55490226
67881799
96202042
98092825
94654865
61195477
34422936
86286336
75970351
25418129
57853745
68880054
82018619
362513
99202785
54193682
25185601
84209732
33424838
31509758
20350630
79870515
84709724
63055574
10966810
84954243
53977792
94553500
40388446
75951625
92542338
58880552
61852271
24342523
67898806
54148147
58520047
46997222
92675140
74066798
85652410
95852902
99394251
11500895
87178367
1207110
55183934
72645518
84818060
50448561
27441510
26352028
41883019
76105948
49373821
99963991
78508173
60326980
94962811
40178289
80498177
98067705
81415677
89519413
85047435
20475951
84152707
52566637
18321100
12897683
51563182
17056235
29995444
58986590
61697050
36896379
48389045
88929676
10629259
93972717
80602488
64130947
68247054
29794781
35421367
92770963
32345712
82815616
79362949
84297362
56670778
56016864
47969517
10916355
89702438
59862486
56411888
38171423
66797376
91656706
29583359
47465983
99909063
41850010
84142676
85156673
63483890
78612265
27851207
53937833
93229721
53110196
8084438
93720823
46383518
20100686
64179539
88695691
17223041
80972158
16835486
98478299
10143498
72650343
18652485
30185820
37071531
96288781
51455070
36075628
15620702
43919431
87828222
36992304
86659996
16397288
1445382
90202162
39001957
17633262
35919709
76218007
86004598
86671389
25598980
23627503
62657057
58386424
9473068
66830251
54267847
45933730
86694182
14834038
99804160
81745922
2982244
37068542
18324336
27800196
54568083
45819200
94203590
53382958
15504656
90713604
53858311
71726917
71514652
8598781
79154635
90777054
69359980
89550621
69750671
5883085
59033602
33235034
79348476
65006441
50779657
64606658
15170203
6993509
27655271
38349393
70318693
38929352
62995934
81402536
48161017
79090183
96611341
21612432
86641134
55494252
19492691
86928440
16649982
80546074
26784602
57211489
23120603
49205137
86353543
482868
41821724
83266913
73852989
67450344
91948502
2273457
65765031
82050030
53308618
77269017
74102286
34233549
27721664
84681660
48359797
196396
45811324
20841701
96989834
26321167
31729263
73908464
54813632
82471624
15643111
89419889
58287207
20141814
12804895
87709245
75423451
56629989
11290638
59401216
39125903
53942161
13482033
2691145
72266112
77196298
74309541
59966067
84148619
72378248
36312471
71586434
80850436
80767810
74085977
98217618
68207008
46460494
8833510
90482660
82273313
83114878
42717827
86348058
49645336
32853028
55371045
59903971
67685235
50222200
65027285
16409750
44157049
87469082
71917254
77780022
414635
71937645
14824849
79493630
74865012
35069442
58809473
15514250
51119404
38018221
69657832
52400596
30844370
7429641
32486388
73322170
26335034
588084
57241890
54817953
14172627
64290920
12344225
93888760
48753799
45441013
19464600
18693635
73303870
96579095
75948355
76061557
96254993
68771872
69839639
79084558
28358103
65116515
39013157
60736218
12853304
22836609
21233073
11278177
99127836
70268594
69964492
28757032
9023086
57967030
98290793
98082908
52063205
96579464
35320774
34043418
1591236
62356337
3318944
99119824
44751443
4273167
35752449
99440145
25905330
7113656
54891744
29119773
42658609
67680252
74382186
54481386
56488112
52404757
29502034
72851593
37657982
96560329
5405260
60250637
13999036
38569747
20683676
19327355
93351821
30337220
93011664
80085279
43068031
82991364
70444061
15424508
42544581
95120237
7220447
38059980
71781756
80192424
21836173
35125889
43829423
56938172
76285582
97297525
96403050
3266375
9650569
47693979
52134733
32095924
91692531
24400215
52116242
19482655
23183557
37687189
82882138
6733229
94279526
15126979
34238029
37013132
36181335
26684404
16451772
96874693
68886348
56562015
10885547
57477015
5776494
11694421
45244463
48097377
2154836
26217361
46340116
30779665
33987915
44320783
92014238
76160257
96175830
94589674
77901751
19772276
34828199
2807796
79058248
11502188
58302358
82680434
17745552
56282600
16827053
99308045
12253922
26898926
11802142
99543537
332830
98865341
63332650
71906621
71149005
86890466
10951808
11194214
4930470
96153524
90038153
85616789
23801538
71059343
60184133
42460335
44599479
53896552
610113
91657076
94882574
50487367
98192535
62516619
96702205
38810813
44122794
81425521
45359334
55465763
87254786
98091799
70752359
27197763
44241167
58675892
73862996
36903540
58530022
14070283
75474732
991912
93458896
16815862
42858250
93369191
84964324
12159934
99272324
38375124
37697918
49920724
17463949
67543432
15555415
22669260
3064312
75523844
42205121
2742372
5775828
94473821
6437282
7228806
44407974
28567881
97042909
63089634
66536716
53633748
195566
42561625
57732310
70253746
75453844
63406072
10009742
27006258
27463956
1176954
77943618
18253750
24244685
19844432
43476470
36337508
97700405
59803490
93029521
54883139
25284088
36597703
71472166
90893044
36224524
40911748
84157095
27071056
32967949
32623687
23692011
50852016
81869850
73467718
21432283
9273813
80785285
63459709
52324685
63410193
79889075
12771790
12911019
97480844
52363454
87649682
55566744
90220173
49161409
49361002
97567757
49177904
89473166
20262124
19159331
97239183
93620919
68565939
80220947
84945703
20339112
25088336
2987870
50720671
68957712
66811325
2915409
80575314
33433180
61618268
37979669
69585983
54799592
8539940
44067367
43672907
10960132
57982238
59167472
46537808
45805625
99408882
22067902
30566343
83921572
84255778
74618717
11102563
50291406
44883864
74230799
9646444
19260132
46750154
585381
34431507
80201477
24741554
49669482
78979252
996714
80320429
85281246
63754
33654979
85927884
9368087
63912749
89173763
56938031
87532737
65981580
43535766
47265334
99848734
57616896
69990802
76176920
90520970
32877647
54763008
24879471
88874363
374504
40429520
78755314
64954351
26679671
7941691
28208165
893715
86466785
36972384
20052659
85039890
72218875
22264007
38028405
27756453
11512829
96503476
65054922
23918072
37565208
38239695
70064798
39784165
28633947
42954536
26103802
94777276
14115221
95552774
42050526
61267603
9008733
97522009
321229
36500155
16444573
98157591
73609066
30042987
33335752
99451445
71214878
66499709
56725180
11943613
25149583
7057331
80087946
36368899
6584690
96945735
42274366
85537613
54995676
75867443
33332601
16676008
88811984
27222786
71165469
51259677
86453025
38713617
62963654
34241401
85880864
42216658
75476087
44151859
67502179
97676173
22715740
71779602
10557608
80521299
80976316
8684554
28824258
78892515
84463684
75642172
97308373
4071447
47018560
24144936
27594469
45232941
97280227
36865490
76833025
12805158
6440929
88364915
49624038
27003111
64046706
42525505
64730181
25983873
10677272
91022061
58982498
68774373
98892702
30406965
40881200
66766543
75315813
4450419
84543515
47223418
37317466
1996782
26961693
54666197
89374657
31944300
95355122
84917171
57705705
13298781
82671749
77301999
44575653
74206075
46573146
8482373
57951175
6348421
31714511
64235671
75090704
64475640
71282329
57135367
45569055
84460625
50380139
38865978
36154908
84962095
59473487
85606823
88221125
35655594
37751094
98579777
10914082
2129740
48025675
80529105
60221718
85636948
31844331
8543107
2497584
84109087
65614436
39145918
64100445
66309047
72395839
64103543
74836107
82029224
72551073
4027481
92553992
96108828
9482981
11274348
55280038
88856980
13628101
43411579
88286788
33724488
91878704
95725436
95409289
87190373
3009503
54820115
19399037
88244602
42777384
94212839
94244747
13094026
72589236
48004569
99342704
82369808
98005139
21872658
90662507
70147079
14671829
48395492
88096045
20964399
31133437
81653795
58774898
61319077
8446588
9772215
8088785
74126398
54811248
31812754
90358005
88977277
71023939
47258452
54987522
60510340
35138836
66100257
22262349
50303514
47575049
80219313
49568207
21074336
60619779
24810907
10494019
78172784
17814540
82481340
53201108
45181735
54043019
75480193
75555737
59592472
58429674
98692668
19500994
46836390
35770648
51386849
64275666
91159836
14570006
67045846
58596223
81632815
83516816
75663479
14126472
62965987
84872642
74354402
90962964
97158257
72416094
94664609
48588013
75594117
99129847
55356114
90553491
15728703
24091584
4579121
42720882
7649321
95057316
26452843
17717473
36706899
4874557
7674762
70133601
53424901
65197535
72828583
21450062
7805059
53207007
12682015
95225750
90545949
52105864
19938897
42149856
15675598
66609478
25083067
9837496
13708027
55226437
77682054
16853431
81230017
98331648
93061263
20689958
37213227
38193214
62303773
62820305
31754823
9161243
98437906
27514168
40552365
7319321
43312317
66026844
21411691
98505805
17043793
12855050
26200423
48191696
30677095
52097280
98052260
23964313
2351220
54095788
14832841
97300100
40514014
68144702
48223160
87893538
42554459
44942289
66429351
18724411
8223125
20203546
86703137
28264804
34704184
79415354
41118694
17521179
23830282
59918415
79435659
58346460
25271460
52408526
92680883
40145002
9348785
12258053
36065439
19934817
27085188
93032579
59691601
35791805
93832430
81081182
98188109
10151954
99865313
86351199
85819033
50544041
2654555
21429472
49898101
19658995
97011047
96925710
3075250
50534142
16526578
19714666
7780725
86450499
42131362
74274353
82888479
71418680
23641049
98059954
43422195
57377938
99926397
75839776
37736896
93764528
19194589
77583830
46488168
54655478
98433750
49158576
55334507
31149913
69808066
32260738
94191817
54256288
35300516
10663718
28447717
3805539
7697208
50999003
79282855
34530083
66521455
93260245
8570692
15482967
46013412
99207914
33935325
20246390
60826830
12646578
5041921
62683141
97811047
94742919
16865231
38383194
84317507
72781001
67000503
12037472
54221697
30768401
59760483
64059731
92900045
10803660
58732281
19709951
2082553
77405937
75913783
41846575
58490746
20333493
94918400
95841120
21647366
90418608
67406359
57426244
53895293
80212196
52540903
94062998
33091958
38056874
26178349
85600300
22825297
34499115
51815475
44292746
79587923
11263273
94505093
15722002
43530538
45734091
53879680
8024663
77513135
16815951
89773973
60158145
39951174
50945676
6867315
30299074
57772074
87822039
46462980
81326338
68171687
24464784
47011617
95172698
26961543
96269734
44778386
73664629
80069848
8542074
53474254
66952230
43958299
45161124
63319075
84426870
42486212
23385688
67561437
49755949
91048714
28755690
17886400
6946192
60982994
50560403
81840486
21376139
78517537
81871873
74233998
89160106
83876252
46245391
43711837
82638339
82300840
6877695
11278541
68500221
72325054
19985441
85287430
76296598
96416463
65845190
97022432
55379407
19240128
26449120
75020304
81328763
15539643
96307258
82918695
85237452
55603653
52366942
57948749
69582835
53066468
34435689
69236721
77456049
96404289
71633517
45066098
83773549
23347626
28194444
13194230
98075784
31831730
44868964
92424616
57918405
55842324
6290534
55651750
20683552
76834436
47266355
49805628
40451233
69313725
27127659
45430349
27554620
54996855
73509142
57819558
94700441
40060202
8177607
82522994
49137901
99450664
4346737
65278892
68922324
31711994
6288963
73995829
47347149
44513697
3578936
7124730
1920901
85967887
37479216
81925988
98022649
11183544
47687563
38200395
63050048
98484107
69240539
56431349
74741449
24268018
49632021
5678815
89579873
58985628
95155737
39811925
85686177
78722582
37095642
7922967
826720
54246809
47534329
42609730
45129671
49064568
83568453
68080298
96070152
38322326
12275655
66883793
49352164
16807093
3816231
92122706
68190323
18571875
33946520
25218641
88070179
40858099
85852292
53215210
99610229
79597828
88370398
82003487
33578842
52895167
37812302
30158594
39850774
93377069
4701174
96262777
67105778
85615887
78314012
98552047
28034247
81317494
23378532
66853258
72107590
99542364
70552323
74534711
98624821
4328472
13766365
85548453
36759827
10226650
13614440
55153263
9575227
3908538
81936818
43466087
83194043
25980939
95879635
17992764
38230924
8727308
66735601
1260767
14287710
30024339
94764419
24815505
64921299
94193558
15649524
21213259
35952713
47052164
83696538
99964215
93151051
12806669
11791314
78358353
96771868
39888557
49432594
12670664
17928365
95971100
61116510
74416641
9471613
1632037
31541858
45727075
92781792
24918234
29149733
4129173
86514066
31527344
50476990
58392137
39988701
30015518
20104714
56231751
82579379
24338784
30269039
21837862
54277002
70201636
53599324
36332925
51534487
43716412
32498915
58707743
96456392
54213728
72803155
7747535
24745979
96828529
46606945
34853647
42888162
10762147
62071143
2818772
7573456
2062044
42306960
18239635
80698022
688610
59429973
93485219
95973023
58896667
13644925
88737208
74333698
61288231
5670528
52786738
7748467
83491009
69461255
93045804
55178822
47617957
7853835
58739933
45240396
6744956
6760816
84818576
41509460
83064230
45492389
26570054
93225681
40830914
80364370
58948853
19077755
48155770
27648792
31678002
87875791
16486093
65638692
18754343
68757664
56133895
65211936
20340198
24745454
4506234
97944533
29977441
87797229
84477897
43263428
9015041
97716808
18815033
78598478
47970984
78787249
13657337
46282020
24875919
57270776
97623851
62034104
95151340
57027993
17653144
15354198
40382871
16527122
74782941
25324841
55801858
45240733
52812130
28911425
32199661
67513881
84866437
94110671
33087575
55765047
67599608
53125134
83816001
72530335
10387887
29630872
11038057
